6.91413879395e-06
6.91413879395e-06
3.09944152832e-06
5.00679016113e-06
1.28746032715e-05
1.31130218506e-05
8.82148742676e-06
9.05990600586e-06
1.38282775879e-05
1.19209289551e-05
2.00271606445e-05
2.28881835938e-05
2.90870666504e-05
2.78949737549e-05
1.81198120117e-05
3.00407409668e-05
3.60012054443e-05
4.29153442383e-05
3.31401824951e-05
5.3882598877e-05
5.07831573486e-05
4.72068786621e-05
6.69956207275e-05
3.88622283936e-05
6.29425048828e-05
5.60283660889e-05
7.60555267334e-05
5.98430633545e-05
5.60283660889e-05
8.39233398438e-05
0.000103950500488
7.89165496826e-05
7.89165496826e-05
9.3936920166e-05
0.000132083892822
0.000133037567139
0.000274896621704
0.000133037567139
0.0001380443573
0.000140905380249
0.000187158584595
0.000128984451294
0.000157117843628
0.000160932540894
0.0001540184021
0.00017786026001
0.000218868255615
0.000226020812988
0.000468969345093
0.000185012817383
0.00021505355835
0.000366926193237
0.000266075134277
0.00025486946106
0.000314950942993
0.000489950180054
0.000321865081787
0.000645875930786
0.000407934188843
0.000667095184326
0.000323057174683
0.000414848327637
0.000414848327637
0.00176095962524
0.000932931900024
0.00111198425293
0.00145602226257
0.00097393989563
0.001384973526
0.00136113166809
0.00109601020813
0.00124406814575
0.00171494483948
0.00164699554443
0.00170493125916
0.00173401832581
0.00171113014221
0.00117993354797
0.00149297714233
0.00214385986328
0.00140190124512
0.00146293640137
0.00179100036621
0.00132894515991
0.00318884849548
0.00390696525574
0.00372409820557
0.00408983230591
0.00436401367188
0.00570511817932
0.00398802757263
0.00684404373169
0.00407004356384
0.00600910186768
0.00450706481934
0.00423407554626
0.00499892234802
0.00555300712585
0.00506997108459
