6.19888305664e-06
3.09944152832e-06
1.90734863281e-06
3.09944152832e-06
1.90734863281e-06
3.81469726562e-06
3.09944152832e-06
2.86102294922e-06
2.86102294922e-06
2.86102294922e-06
2.86102294922e-06
3.09944152832e-06
2.86102294922e-06
2.86102294922e-06
3.09944152832e-06
3.09944152832e-06
1.90734863281e-06
2.14576721191e-06
2.86102294922e-06
2.14576721191e-06
3.09944152832e-06
1.90734863281e-06
2.14576721191e-06
2.14576721191e-06
2.14576721191e-06
2.14576721191e-06
1.90734863281e-06
1.90734863281e-06
1.90734863281e-06
1.90734863281e-06
1.90734863281e-06
1.90734863281e-06
8.82148742676e-06
3.09944152832e-06
2.86102294922e-06
2.86102294922e-06
5.00679016113e-06
1.90734863281e-06
2.86102294922e-06
1.90734863281e-06
3.09944152832e-06
2.14576721191e-06
1.90734863281e-06
1.90734863281e-06
2.14576721191e-06
2.14576721191e-06
3.09944152832e-06
2.86102294922e-06
5.96046447754e-06
2.14576721191e-06
2.86102294922e-06
2.86102294922e-06
2.86102294922e-06
3.09944152832e-06
3.09944152832e-06
3.09944152832e-06
3.09944152832e-06
3.09944152832e-06
3.09944152832e-06
5.96046447754e-06
3.09944152832e-06
1.50203704834e-05
1.09672546387e-05
6.19888305664e-05
1.28746032715e-05
1.21593475342e-05
1.38282775879e-05
1.69277191162e-05
1.4066696167e-05
1.38282775879e-05
1.28746032715e-05
1.31130218506e-05
2.28881835938e-05
1.28746032715e-05
1.4066696167e-05
1.19209289551e-05
1.19209289551e-05
1.31130218506e-05
1.19209289551e-05
1.31130218506e-05
1.19209289551e-05
1.31130218506e-05
1.62124633789e-05
1.31130218506e-05
1.19209289551e-05
3.50475311279e-05
5.19752502441e-05
3.09944152832e-05
2.78949737549e-05
3.69548797607e-05
2.90870666504e-05
2.90870666504e-05
3.19480895996e-05
2.88486480713e-05
3.00407409668e-05
3.40938568115e-05
3.09944152832e-05
3.50475311279e-05
3.2901763916e-05
