3.76586914062e-05
3.8914680481e-05
0.000209869861603
0.00026514005661
0.000542897224426
0.00074823474884
0.000931700229645
0.000972352981567
0.00127735471725
0.00151014757156
0.00213662147522
0.00279355955124
0.00278580904007
0.00294065475464
0.00384175777435
0.00343981790543
0.00431238603592
0.00483193159103
0.00573113632202
0.00625643110275
0.0064786028862
0.00637160634995
0.00665080165863
0.00837042760849
0.00835912752151
0.0073438243866
0.00881842947006
0.00850818300247
0.0107730221748
0.0106338191032
0.0108474106789
