4.08744812012e-06
3.86953353882e-06
5.71727752686e-06
7.58123397827e-06
1.05867385864e-05
1.46288871765e-05
1.86285972595e-05
2.34699249268e-05
2.55436897278e-05
3.631067276e-05
3.55491638184e-05
4.04591560364e-05
4.99124526978e-05
5.63907623291e-05
6.56461715698e-05
7.10067749023e-05
8.70461463928e-05
9.19809341431e-05
0.000112235069275
0.000111862659454
0.000122806549072
0.000130690097809
0.000146690368652
0.000157279014587
0.000185379505157
0.00018961763382
0.000196876049042
0.000208749294281
0.000228259086609
0.000267623901367
0.000265639305115
